{
    "backcover1": {
        "name": "backcover1",
        "parent": "byod_board",
        "transform": [
            [
                0.012605911090552091,
                -0.4568409682246696,
                -0.8894596622384205,
                0.21059385638746164
            ],
            [
                -0.9998961689709774,
                0.0005186089854367637,
                -0.014438331360677237,
                0.3556256582509447
            ],
            [
                0.007057781159922671,
                0.8895488428899587,
                -0.4567872836338014,
                0.11427569962396483
            ],
            [
                0.0,
                0.0,
                0.0,
                1.0
            ]
        ]
    },
    "backcover10": {
        "name": "backcover10",
        "parent": "byod_board",
        "transform": [
            [
                0.0020533254836477832,
                -0.9986052464880177,
                0.05276790919810337,
                0.07738518097087804
            ],
            [
                -0.9995885403827647,
                -0.0005400150479337729,
                0.028697872660411704,
                0.25048554498245323
            ],
            [
                -0.028629364121264864,
                -0.05280511004045461,
                -0.9981954697436661,
                0.014169584674886949
            ],
            [
                0.0,
                0.0,
                0.0,
                1.0
            ]
        ]
    },
    "backcover11": {
        "name": "backcover11",
        "parent": "byod_board",
        "transform": [
            [
                0.0022984425499731342,
                -0.9986355956994646,
                0.052180171681535506,
                0.07692647527988833
            ],
            [
                -0.9995832722746758,
                -0.0007929746890773526,
                0.028874946928893714,
                0.25050164090436255
            ],
            [
                -0.02879418523574641,
                -0.0522247812199388,
                -0.9982212593174962,
                0.018913662843746636
            ],
            [
                0.0,
                0.0,
                0.0,
                1.0
            ]
        ]
    },
    "backcover12": {
        "name": "backcover12",
        "parent": "byod_board",
        "transform": [
            [
                0.06743089637614286,
                -0.9872195057211751,
                -0.1444011476468322,
                0.19076268936378082
            ],
            [
                -0.997704531531085,
                -0.06763475934472174,
                -0.003509592410502943,
                0.248615240842048
            ],
            [
                -0.0063017204334738786,
                0.14430626112608014,
                -0.989514052480434,
                0.22512191261077402
            ],
            [
                0.0,
                0.0,
                0.0,
                1.0
            ]
        ]
    },
    "backcover2": {
        "name": "backcover2",
        "parent": "byod_board",
        "transform": [
            [
                -0.020308796895836867,
                -0.3276802981964511,
                -0.9445709502202388,
                0.19610745184991096
            ],
            [
                -0.9996645546146952,
                -0.00856591274877827,
                0.024464172271940643,
                0.3560650595504531
            ],
            [
                -0.016107019373032105,
                0.944750411300166,
                -0.32739679584227366,
                0.11099045087980612
            ],
            [
                0.0,
                0.0,
                0.0,
                1.0
            ]
        ]
    },
    "backcover3": {
        "name": "backcover3",
        "parent": "byod_board",
        "transform": [
            [
                -0.01974373002282115,
                -0.3277469688302804,
                -0.9445597994234105,
                0.17726934523192361
            ],
            [
                -0.9996743027138556,
                -0.008841237503255162,
                0.02396276980921863,
                0.3566746324885063
            ],
            [
                -0.016204282082127153,
                0.9447247484140161,
                -0.3274660434417862,
                0.1043432323316629
            ],
            [
                0.0,
                0.0,
                0.0,
                1.0
            ]
        ]
    },
    "backcover4": {
        "name": "backcover4",
        "parent": "byod_board",
        "transform": [
            [
                -0.01920434739828414,
                -0.3945498572588261,
                -0.9186744366418433,
                0.21244054631351073
            ],
            [
                -0.99976958961045,
                -0.0012890105706095945,
                0.02145236262860123,
                0.3541796111986722
            ],
            [
                -0.009647698809594207,
                0.91887422768801,
                -0.3944345374421465,
                0.11904588779268153
            ],
            [
                0.0,
                0.0,
                0.0,
                1.0
            ]
        ]
    },
    "backcover5": {
        "name": "backcover5",
        "parent": "byod_board",
        "transform": [
            [
                -0.035975686281704,
                -0.38827911285230027,
                -0.9208399310618816,
                0.2116116988911041
            ],
            [
                -0.9992005380863489,
                0.03008089175939821,
                0.026352471208163253,
                0.2609487853084893
            ],
            [
                0.01746805093222875,
                0.9210513007283887,
                -0.3890512061372453,
                0.12040234236771556
            ],
            [
                0.0,
                0.0,
                0.0,
                1.0
            ]
        ]
    },
    "backcover6": {
        "name": "backcover6",
        "parent": "byod_board",
        "transform": [
            [
                -0.02266720761336871,
                -0.8250496239323635,
                -0.5646064359548999,
                0.13991288050873563
            ],
            [
                -0.9997353382303349,
                0.01640622590494445,
                0.016160400387807805,
                0.24988899433445522
            ],
            [
                -0.004069762414024458,
                0.5648230015644566,
                -0.8252032465843442,
                0.08545368927818622
            ],
            [
                0.0,
                0.0,
                0.0,
                1.0
            ]
        ]
    },
    "backcover7": {
        "name": "backcover7",
        "parent": "byod_board",
        "transform": [
            [
                0.003605549095459959,
                -0.9957347774080865,
                0.09219737872487635,
                0.11814162164418063
            ],
            [
                -0.9997466605876975,
                -0.0015397050576533289,
                0.022480062693792456,
                0.2497212404352125
            ],
            [
                -0.02224226219198866,
                -0.09225503582481528,
                -0.9954880713815408,
                0.04717287415082489
            ],
            [
                0.0,
                0.0,
                0.0,
                1.0
            ]
        ]
    },
    "backcover8": {
        "name": "backcover8",
        "parent": "byod_board",
        "transform": [
            [
                0.0020939726758338884,
                -0.9986565736508257,
                0.05178580680981406,
                0.10956034812412807
            ],
            [
                -0.9995783727994645,
                -0.0005906716813657287,
                0.0290488781217223,
                0.2508544816001694
            ],
            [
                -0.028979277329243748,
                -0.051824787433706276,
                -0.9982367498698743,
                0.01775528362373381
            ],
            [
                0.0,
                0.0,
                0.0,
                1.0
            ]
        ]
    },
    "backcover9": {
        "name": "backcover9",
        "parent": "byod_board",
        "transform": [
            [
                0.0020756848663484595,
                -0.9986027929667218,
                0.052813445838825634,
                0.09415927330880991
            ],
            [
                -0.9995897843243446,
                -0.0005634088286563532,
                0.028654061169443773,
                0.25059820445982317
            ],
            [
                -0.02858428338647523,
                -0.052851244319831014,
                -0.9981943200691581,
                0.014198844737663056
            ],
            [
                0.0,
                0.0,
                0.0,
                1.0
            ]
        ]
    },
    "backcover_app": {
        "name": "backcover_app",
        "parent": "byod_board",
        "transform": [
            [
                -0.09816371348610398,
                -0.72178508720884,
                -0.6851213663606387,
                0.19581219545144235
            ],
            [
                -0.9951428774266793,
                0.06603328826686672,
                0.07301510308057169,
                0.3577386007980032
            ],
            [
                -0.007460044764639906,
                0.6889606952895386,
                -0.7247615171762538,
                0.2517090048975105
            ],
            [
                0.0,
                0.0,
                0.0,
                1.0
            ]
        ]
    },
    "backcover_pressed": {
        "name": "backcover_pressed",
        "parent": "byod_board",
        "transform": [
            [
                -0.019829752194862937,
                -0.32844108035182124,
                -0.9443168750592268,
                0.17190798940150265
            ],
            [
                -0.9996771178223904,
                -0.008530290375696525,
                0.023958394434057062,
                0.3568321360160293
            ],
            [
                -0.0159236894786845,
                0.9444865278546157,
                -0.32816626450114184,
                0.10240003787645656
            ],
            [
                0.0,
                0.0,
                0.0,
                1.0
            ]
        ]
    },
    "backcover_pull": {
        "name": "backcover_pull",
        "parent": "byod_board",
        "transform": [
            [
                -0.009546083628700464,
                -0.698812653025124,
                -0.715241816058892,
                0.07683446082300133
            ],
            [
                -0.9985874224374847,
                -0.030734654687437857,
                0.04335517464519201,
                0.25047563022829017
            ],
            [
                -0.05227943397641899,
                0.7146449379872793,
                -0.6975323183150242,
                0.01892576601935987
            ],
            [
                0.0,
                0.0,
                0.0,
                1.0
            ]
        ]
    },
    "base_adj": {
        "name": "base_adj",
        "parent": "base",
        "transform": [
            [
                1.0,
                0.0,
                0.0,
                0.0
            ],
            [
                0.0,
                0.9999143353702856,
                -0.013089000000000262,
                0.0
            ],
            [
                0.0,
                0.013089000000000262,
                0.9999143353702856,
                0.0
            ],
            [
                0.0,
                0.0,
                0.0,
                1.0
            ]
        ]
    },
    "base_link_adj": {
        "name": "base_link_adj",
        "parent": "base_link",
        "transform": [
            [
                0.9999996191972825,
                0.0,
                0.0008726999999999836,
                0.0
            ],
            [
                0.0,
                1.0,
                0.0,
                0.0
            ],
            [
                -0.0008726999999999836,
                0.0,
                0.9999996191972825,
                0.0
            ],
            [
                0.0,
                0.0,
                0.0,
                1.0
            ]
        ]
    },
    "btn_blue": {
        "name": "btn_blue",
        "parent": "task_board",
        "transform": [
            [
                0.9997855461150098,
                0.013959037923706183,
                -0.01529728864067747,
                0.22757060174982752
            ],
            [
                0.014016046880491987,
                -0.9998951962231424,
                0.0036258792182906705,
                0.12376130731746282
            ],
            [
                -0.015245071641534462,
                -0.003839509149137936,
                -0.9998764153436743,
                0.00826464171188726
            ],
            [
                0.0,
                0.0,
                0.0,
                1.0
            ]
        ]
    },
    "btn_blue_app": {
        "name": "btn_blue_app",
        "parent": "task_board",
        "transform": [
            [
                0.9998962067584053,
                0.014076762788990184,
                -0.0030692767120088682,
                0.22789187500948924
            ],
            [
                0.0141795313850823,
                -0.9992321301239493,
                0.036525210721043685,
                0.12509807423620128
            ],
            [
                -0.0025527631797416486,
                -0.03656494055649044,
                -0.999328018481825,
                0.036927514431223524
            ],
            [
                0.0,
                0.0,
                0.0,
                1.0
            ]
        ]
    },
    "btn_blue_app_short": {
        "name": "btn_blue_app_short",
        "parent": "btn_blue",
        "transform": [
            [
                1.0,
                0.0,
                0.0,
                0.0
            ],
            [
                0.0,
                1.0,
                0.0,
                0.0
            ],
            [
                0.0,
                0.0,
                1.0,
                -0.005
            ],
            [
                0.0,
                0.0,
                0.0,
                1.0
            ]
        ]
    },
    "btn_red": {
        "name": "btn_red",
        "parent": "task_board",
        "transform": [
            [
                -0.04770735040380614,
                -0.9563744295465717,
                0.2882220658223761,
                0.2290127215578751
            ],
            [
                -0.9404627827570731,
                -0.05420967911664243,
                -0.33554592076032347,
                0.10243355559747414
            ],
            [
                0.3365319642564003,
                -0.2870701328935846,
                -0.8968483572121815,
                0.006464371959119225
            ],
            [
                0.0,
                0.0,
                0.0,
                1.0
            ]
        ]
    },
    "btn_red_app": {
        "name": "btn_red_app",
        "parent": "task_board",
        "transform": [
            [
                -0.047670926687491066,
                -0.9563907473676512,
                0.28817394243460187,
                0.2290055892570676
            ],
            [
                -0.9404655248150684,
                -0.05422451276981444,
                -0.3355358383976204,
                0.10245130178394884
            ],
            [
                0.3365294628752045,
                -0.287012962363064,
                -0.8968675933784787,
                0.03565423362413732
            ],
            [
                0.0,
                0.0,
                0.0,
                1.0
            ]
        ]
    },
    "btn_red_helper": {
        "name": "btn_red_helper",
        "parent": "base",
        "transform": [
            [
                0.9422935246430273,
                0.039697010238347194,
                0.3324260230396487,
                -0.11409640954607239
            ],
            [
                -0.05631940244555399,
                -0.9599986927312301,
                0.27428203525295863,
                -0.5933637719573385
            ],
            [
                0.3300167243095358,
                -0.2771762207197184,
                -0.9023648399309105,
                0.18598632994610942
            ],
            [
                0.0,
                0.0,
                0.0,
                1.0
            ]
        ]
    },
    "btn_red_hook_2slider": {
        "name": "btn_red_hook_2slider",
        "parent": "task_board",
        "transform": [
            [
                -0.9995374127933379,
                -0.030412875248230685,
                0.00013208154709914532,
                0.22285553092170224
            ],
            [
                -0.030412939816392523,
                0.9995372853468664,
                -0.0005179702129888565,
                0.12220503696737137
            ],
            [
                -0.00011626746756196442,
                -0.0005217475947376784,
                -0.999999857130651,
                0.05726333101986458
            ],
            [
                0.0,
                0.0,
                0.0,
                1.0
            ]
        ]
    },
    "btn_red_hook_app": {
        "name": "btn_red_hook_app",
        "parent": "task_board",
        "transform": [
            [
                -0.9926737614679781,
                0.12033879613552147,
                0.010834086840572495,
                0.23096338585581455
            ],
            [
                0.11960202079853414,
                0.9913918626103085,
                -0.05326848384335874,
                0.14704170520974716
            ],
            [
                -0.017151090750231263,
                -0.05158244754484386,
                -0.9985214525443911,
                0.061210218664834976
            ],
            [
                0.0,
                0.0,
                0.0,
                1.0
            ]
        ]
    },
    "btn_red_hook_app2": {
        "name": "btn_red_hook_app2",
        "parent": "task_board",
        "transform": [
            [
                -0.9845397715915594,
                -0.030335088125700307,
                0.00016854367934330744,
                0.22284604538566255
            ],
            [
                -0.03033514704593243,
                0.9995362411206843,
                -0.00035604817857637973,
                0.12218333877403076
            ],
            [
                -0.00015758257361574507,
                -0.0003610332530484907,
                -0.9850034009179671,
                0.03733727348611665
            ],
            [
                0.0,
                0.0,
                0.0,
                1.0
            ]
        ]
    },
    "btn_red_no_hook": {
        "name": "btn_red_no_hook",
        "parent": "task_board",
        "transform": [
            [
                -0.9991465074049215,
                -0.04121764540117954,
                0.002713383151792618,
                0.04281989948720791
            ],
            [
                -0.03943722253687277,
                0.9323237336783627,
                -0.35946788604632596,
                0.1960884411667636
            ],
            [
                0.012286668349189825,
                -0.35926809116260217,
                -0.9331535117295846,
                0.018833258080019816
            ],
            [
                0.0,
                0.0,
                0.0,
                1.0
            ]
        ]
    },
    "btn_red_no_hook_app": {
        "name": "btn_red_no_hook_app",
        "parent": "task_board",
        "transform": [
            [
                -0.9991465074049215,
                -0.04121764540117954,
                0.002713383151792618,
                0.04281989948720791
            ],
            [
                -0.03943722253687277,
                0.9323237336783627,
                -0.35946788604632596,
                0.1960884411667636
            ],
            [
                0.012286668349189825,
                -0.35926809116260217,
                -0.9331535117295846,
                0.018833258080019816
            ],
            [
                0.0,
                0.0,
                0.0,
                1.0
            ]
        ]
    },
    "byod_board": {
        "name": "byod_board",
        "parent": "base",
        "transform": [
            [
                -0.007918465871040281,
                0.9999669999285022,
                -3.507017333876101e-05,
                -0.306817
            ],
            [
                -0.9999670000714965,
                -0.007918466939981661,
                -3.0446768508943596e-05,
                -0.361132
            ],
            [
                -3.0723573338761006e-05,
                3.4827931491056384e-05,
                0.9999999989215369,
                0.00211608
            ],
            [
                0.0,
                0.0,
                0.0,
                1.0
            ]
        ]
    },
    "cable_1": {
        "name": "cable_1",
        "parent": "task_board",
        "transform": [
            [
                -0.5057581365106014,
                -0.7130555127693818,
                0.4855517923584649,
                0.19662684552819376
            ],
            [
                -0.8332129181040384,
                0.549602823313365,
                -0.06076980920268865,
                0.11873774226584366
            ],
            [
                -0.22352838848315645,
                -0.4353028512600993,
                -0.872093164304681,
                0.035804397686032635
            ],
            [
                0.0,
                0.0,
                0.0,
                1.0
            ]
        ]
    },
    "cable_10": {
        "name": "cable_10",
        "parent": "task_board",
        "transform": [
            [
                -0.9913400050053833,
                -0.1311427854074338,
                -0.006823804767537356,
                0.03419474957319815
            ],
            [
                -0.10961158458725027,
                0.8549603182464227,
                -0.5069794421357218,
                0.18058977925081432
            ],
            [
                0.07232077848169066,
                -0.5018410346509693,
                -0.8619311346855074,
                0.05105727221414336
            ],
            [
                0.0,
                0.0,
                0.0,
                1.0
            ]
        ]
    },
    "cable_11": {
        "name": "cable_11",
        "parent": "task_board",
        "transform": [
            [
                -0.994691177265506,
                0.09510043346087244,
                -0.03931118703010954,
                0.2349200854688463
            ],
            [
                0.10199262006528637,
                0.8603386945074345,
                -0.4994144933674448,
                0.17866610051489062
            ],
            [
                -0.013673599466863973,
                -0.5007726413141972,
                -0.8654708512646874,
                0.06429304104955236
            ],
            [
                0.0,
                0.0,
                0.0,
                1.0
            ]
        ]
    },
    "cable_12": {
        "name": "cable_12",
        "parent": "task_board",
        "transform": [
            [
                0.9973939820436822,
                -0.039258577218584376,
                -0.06053105564765331,
                0.034069981450411305
            ],
            [
                -0.05841047429859732,
                -0.9318644793446633,
                -0.3580737474709813,
                0.16803554012584276
            ],
            [
                -0.04234927479024591,
                0.36067624852556013,
                -0.9317291358942621,
                0.04740066159706957
            ],
            [
                0.0,
                0.0,
                0.0,
                1.0
            ]
        ]
    },
    "cable_13": {
        "name": "cable_13",
        "parent": "task_board",
        "transform": [
            [
                -0.8106975867498996,
                -0.37943997567044374,
                -0.44586402377978596,
                0.21999404741336748
            ],
            [
                -0.5845499363284471,
                0.48202673026534826,
                0.6526496788079387,
                0.0998396333510824
            ],
            [
                -0.0327230007226855,
                0.7897313063143122,
                -0.6125795205936879,
                0.033269442834561944
            ],
            [
                0.0,
                0.0,
                0.0,
                1.0
            ]
        ]
    },
    "cable_1_app": {
        "name": "cable_1_app",
        "parent": "task_board",
        "transform": [
            [
                -0.5295529563211139,
                -0.7197016435404581,
                0.4490024618381636,
                0.21654806332987994
            ],
            [
                -0.8148456760812653,
                0.5787141920661104,
                -0.03341269329064486,
                0.10472971103535811
            ],
            [
                -0.23579692666197705,
                -0.3835615050893826,
                -0.8929055835811159,
                0.07238531525021302
            ],
            [
                0.0,
                0.0,
                0.0,
                1.0
            ]
        ]
    },
    "cable_2": {
        "name": "cable_2",
        "parent": "task_board",
        "transform": [
            [
                -0.5264565534988255,
                -0.8147828058160734,
                0.24284249344919784,
                0.1964558055504409
            ],
            [
                -0.8400865556493234,
                0.542451067005639,
                -0.0011911849979659994,
                0.1259347834152572
            ],
            [
                -0.1307596126309385,
                -0.20463582103563877,
                -0.9700650001178659,
                0.038408545150919154
            ],
            [
                0.0,
                0.0,
                0.0,
                1.0
            ]
        ]
    },
    "cable_3": {
        "name": "cable_3",
        "parent": "task_board",
        "transform": [
            [
                -0.46040116739005965,
                -0.8177631581907638,
                -0.34538989876910997,
                0.2170733557624639
            ],
            [
                -0.8877028942724099,
                0.4224601300630143,
                0.1830601267549192,
                0.12496564415269873
            ],
            [
                -0.0037863658374549802,
                0.390884708850331,
                -0.9204318594120557,
                0.044764747207679284
            ],
            [
                0.0,
                0.0,
                0.0,
                1.0
            ]
        ]
    },
    "cable_4": {
        "name": "cable_4",
        "parent": "task_board",
        "transform": [
            [
                -0.27867275538051084,
                -0.6014598390134793,
                -0.748723952777332,
                0.22501309415633725
            ],
            [
                -0.9204388650059905,
                -0.05524430596774499,
                0.38696299880560336,
                0.10853787002061843
            ],
            [
                -0.27410543809840227,
                0.7969906704046295,
                -0.5382119286051368,
                0.045254659462441255
            ],
            [
                0.0,
                0.0,
                0.0,
                1.0
            ]
        ]
    },
    "cable_5": {
        "name": "cable_5",
        "parent": "task_board",
        "transform": [
            [
                0.36280433799374123,
                -0.5585467978825425,
                -0.7459212337157862,
                0.21938627623534057
            ],
            [
                -0.5096197765892976,
                -0.7890781668612641,
                0.34299173443676345,
                0.09780099368933348
            ],
            [
                -0.7801670946931797,
                0.25569732332979755,
                -0.5709274763049841,
                0.04519563927380607
            ],
            [
                0.0,
                0.0,
                0.0,
                1.0
            ]
        ]
    },
    "cable_6": {
        "name": "cable_6",
        "parent": "task_board",
        "transform": [
            [
                -0.9506935501245664,
                0.3041694585039915,
                -0.06052036239925439,
                0.24766752620644397
            ],
            [
                0.31003330285401604,
                0.9272003020494353,
                -0.21018789451551656,
                0.19820951140532983
            ],
            [
                -0.007818239762148807,
                -0.21858760347472717,
                -0.9757860086792578,
                0.027671721238667513
            ],
            [
                0.0,
                0.0,
                0.0,
                1.0
            ]
        ]
    },
    "cable_7": {
        "name": "cable_7",
        "parent": "task_board",
        "transform": [
            [
                -0.9983867687275705,
                0.012609651636564245,
                -0.05536114806726243,
                0.21630779474892678
            ],
            [
                0.024893065258463715,
                0.973534451265614,
                -0.2271805614505734,
                0.2059222280163503
            ],
            [
                0.05103131716660593,
                -0.22819217533597505,
                -0.9722778079251202,
                0.009042082924022962
            ],
            [
                0.0,
                0.0,
                0.0,
                1.0
            ]
        ]
    },
    "cable_8": {
        "name": "cable_8",
        "parent": "task_board",
        "transform": [
            [
                -0.9895575576306881,
                -0.13844026417729846,
                0.04012646745611961,
                0.04494085361014652
            ],
            [
                -0.1430290650340245,
                0.9086545269886281,
                -0.3922876968993103,
                0.2266150200810072
            ],
            [
                0.01784731608617956,
                -0.3939305063556162,
                -0.9189669360052772,
                -0.03173881243851236
            ],
            [
                0.0,
                0.0,
                0.0,
                1.0
            ]
        ]
    },
    "cable_9": {
        "name": "cable_9",
        "parent": "task_board",
        "transform": [
            [
                -0.9974777390164837,
                0.07039065074548143,
                -0.009127784736295122,
                0.03578997849851828
            ],
            [
                0.06643971205869678,
                0.8806667950531697,
                -0.4690541128189112,
                0.2027977946134103
            ],
            [
                -0.024978487306519352,
                -0.46847748332060324,
                -0.8831222581236828,
                0.009371041789842313
            ],
            [
                0.0,
                0.0,
                0.0,
                1.0
            ]
        ]
    },
    "cableholder_app": {
        "name": "cableholder_app",
        "parent": "byod_board",
        "transform": [
            [
                0.025164390908290035,
                -0.9800947379988189,
                0.19693186915010563,
                0.002665190671960027
            ],
            [
                -0.9985611294645159,
                -0.03397845593724935,
                -0.041500666133977196,
                0.15795944018165387
            ],
            [
                0.047365887118030456,
                -0.19560403654843156,
                -0.9795395722692883,
                0.18621101169335227
            ],
            [
                0.0,
                0.0,
                0.0,
                1.0
            ]
        ]
    },
    "door_1": {
        "name": "door_1",
        "parent": "task_board",
        "transform": [
            [
                -0.1530420337205085,
                0.98802126558434,
                -0.019801885460929758,
                -0.025955821655989544
            ],
            [
                0.8965317852755078,
                0.13038565497771515,
                -0.4233560427899209,
                0.11528815418509086
            ],
            [
                -0.415702891384459,
                -0.08254428950054504,
                -0.905746954930265,
                0.05514495753213239
            ],
            [
                0.0,
                0.0,
                0.0,
                1.0
            ]
        ]
    },
    "door_2": {
        "name": "door_2",
        "parent": "task_board",
        "transform": [
            [
                -0.14877400400760377,
                0.9883166981869801,
                -0.033111928610840474,
                -0.02585144706370461
            ],
            [
                0.9009500624445602,
                0.12166776702976556,
                -0.41651643358591794,
                0.12066524238196974
            ],
            [
                -0.4076214919661214,
                -0.09179901170914115,
                -0.9085249918062437,
                0.044354300675611164
            ],
            [
                0.0,
                0.0,
                0.0,
                1.0
            ]
        ]
    },
    "door_3": {
        "name": "door_3",
        "parent": "task_board",
        "transform": [
            [
                -0.13233839734537067,
                0.9907377721042632,
                -0.03041735547246127,
                -0.012143748496398002
            ],
            [
                0.9030643280441273,
                0.10786340962609953,
                -0.41574066950208255,
                0.12340069520169383
            ],
            [
                -0.40860906500255967,
                -0.08248728259381496,
                -0.9089744111953975,
                0.044310440467031614
            ],
            [
                0.0,
                0.0,
                0.0,
                1.0
            ]
        ]
    },
    "door_4": {
        "name": "door_4",
        "parent": "task_board",
        "transform": [
            [
                -0.13226383300839606,
                0.9907847038843766,
                -0.029188165866887883,
                -0.012071140066503686
            ],
            [
                0.9121113947803093,
                0.11012860540237346,
                -0.3948727564469916,
                0.11899652664700755
            ],
            [
                -0.3880194350671671,
                -0.07885024299819651,
                -0.9182720496613614,
                0.07009078939956145
            ],
            [
                0.0,
                0.0,
                0.0,
                1.0
            ]
        ]
    },
    "door_5": {
        "name": "door_5",
        "parent": "task_board",
        "transform": [
            [
                -0.13375555775865622,
                0.9905834408635334,
                -0.029221523841700847,
                -0.012864241736290458
            ],
            [
                0.8048638333405951,
                0.091380526502428,
                -0.5863819652380349,
                0.03323517296516598
            ],
            [
                -0.5781899865519562,
                -0.10195119451531592,
                -0.8095074387477519,
                0.1074898649134359
            ],
            [
                0.0,
                0.0,
                0.0,
                1.0
            ]
        ]
    },
    "door_6": {
        "name": "door_6",
        "parent": "task_board",
        "transform": [
            [
                -0.9005729568090048,
                0.43433413614832356,
                0.01795014319089372,
                0.05023075993796153
            ],
            [
                0.344616334332464,
                0.7384979744570747,
                -0.5795345751843051,
                0.06848097306961276
            ],
            [
                -0.26496779346845045,
                -0.5157272533995922,
                -0.8147499423291611,
                0.09060997308353463
            ],
            [
                0.0,
                0.0,
                0.0,
                1.0
            ]
        ]
    },
    "dryer1": {
        "name": "dryer1",
        "parent": "byod_board",
        "transform": [
            [
                -0.9962019704131286,
                -0.006211617423750397,
                0.08685643332903945,
                0.028133465864797202
            ],
            [
                -8.729311791512385e-05,
                0.997523240920843,
                0.0703375961423766,
                0.6524980247770638
            ],
            [
                -0.0870782210519512,
                0.07006283508506823,
                -0.9937351615956174,
                0.26429939583492984
            ],
            [
                0.0,
                0.0,
                0.0,
                1.0
            ]
        ]
    },
    "dryer10": {
        "name": "dryer10",
        "parent": "byod_board",
        "transform": [
            [
                -0.8110817228358778,
                -0.18693030052565057,
                -0.5542602390260954,
                0.2288175808776577
            ],
            [
                -0.24261011586215514,
                0.9697203971462429,
                0.027976745163188294,
                0.4698297255439783
            ],
            [
                0.5322477632655925,
                0.15716052091401414,
                -0.8318736746411921,
                0.32203970526132597
            ],
            [
                0.0,
                0.0,
                0.0,
                1.0
            ]
        ]
    },
    "dryer2": {
        "name": "dryer2",
        "parent": "byod_board",
        "transform": [
            [
                -0.9975188787022622,
                0.06320063524219334,
                0.031028342573156686,
                0.03759292751611659
            ],
            [
                0.06358753362761037,
                0.9979083347482888,
                0.011643970349528502,
                0.636196471581774
            ],
            [
                -0.030227535543134506,
                0.013588089760021708,
                -0.9994511756840647,
                0.21137520855071282
            ],
            [
                0.0,
                0.0,
                0.0,
                1.0
