{
    "backcover1": {
        "name": "backcover1",
        "parent": "byod_board",
        "transform": [
            [
                0.012605911090552091,
                -0.4568409682246696,
                -0.8894596622384205,
                0.21059385638746164
            ],
            [
                -0.9998961689709774,
                0.0005186089854367637,
                -0.014438331360677237,
                0.3556256582509447
            ],
            [
                0.007057781159922671,
                0.8895488428899587,
                -0.4567872836338014,
                0.11427569962396483
            ],
            [
                0.0,
                0.0,
                0.0,
                1.0
            ]
        ]
    },
    "backcover10": {
        "name": "backcover10",
        "parent": "byod_board",
        "transform": [
            [
                0.0020533254836477832,
                -0.9986052464880177,
                0.05276790919810337,
                0.07738518097087804
            ],
            [
                -0.9995885403827647,
                -0.0005400150479337729,
                0.028697872660411704,
                0.25048554498245323
            ],
            [
                -0.028629364121264864,
                -0.05280511004045461,
                -0.9981954697436661,
                0.014169584674886949
            ],
            [
                0.0,
                0.0,
                0.0,
                1.0
            ]
        ]
    },
    "backcover11": {
        "name": "backcover11",
        "parent": "byod_board",
        "transform": [
            [
                0.0022984425499731342,
                -0.9986355956994646,
                0.052180171681535506,
                0.07692647527988833
            ],
            [
                -0.9995832722746758,
                -0.0007929746890773526,
                0.028874946928893714,
                0.25050164090436255
            ],
            [
                -0.02879418523574641,
                -0.0522247812199388,
                -0.9982212593174962,
                0.018913662843746636
            ],
            [
                0.0,
                0.0,
                0.0,
                1.0
            ]
        ]
    },
    "backcover12": {
        "name": "backcover12",
        "parent": "byod_board",
        "transform": [
            [
                0.06743089637614286,
                -0.9872195057211751,
                -0.1444011476468322,
                0.19076268936378082
            ],
            [
                -0.997704531531085,
                -0.06763475934472174,
                -0.003509592410502943,
                0.248615240842048
            ],
            [
                -0.0063017204334738786,
                0.14430626112608014,
                -0.989514052480434,
                0.22512191261077402
            ],
            [
                0.0,
                0.0,
                0.0,
                1.0
            ]
        ]
    },
    "backcover2": {
        "name": "backcover2",
        "parent": "byod_board",
        "transform": [
            [
                -0.020308796895836867,
                -0.3276802981964511,
                -0.9445709502202388,
                0.19610745184991096
            ],
            [
                -0.9996645546146952,
                -0.00856591274877827,
                0.024464172271940643,
                0.3560650595504531
            ],
            [
                -0.016107019373032105,
                0.944750411300166,
                -0.32739679584227366,
                0.11099045087980612
            ],
            [
                0.0,
                0.0,
                0.0,
                1.0
            ]
        ]
    },
    "backcover3": {
        "name": "backcover3",
        "parent": "byod_board",
        "transform": [
            [
                -0.02000569601993596,
                -0.32803377269974365,
                -0.9444564079435849,
                0.17276356036122642
            ],
            [
                -0.999672214652528,
                -0.00866086803507038,
                0.024180473689439985,
                0.35683566419539475
            ],
            [
                -0.01610980412780849,
                0.9446285386460165,
                -0.3277544554521654,
                0.10255430356387453
            ],
            [
                0.0,
                0.0,
                0.0,
                1.0
            ]
        ]
    },
    "backcover4": {
        "name": "backcover4",
        "parent": "byod_board",
        "transform": [
            [
                -0.01920434739828414,
                -0.3945498572588261,
                -0.9186744366418433,
                0.21244054631351073
            ],
            [
                -0.99976958961045,
                -0.0012890105706095945,
                0.02145236262860123,
                0.3541796111986722
            ],
            [
                -0.009647698809594207,
                0.91887422768801,
                -0.3944345374421465,
                0.11904588779268153
            ],
            [
                0.0,
                0.0,
                0.0,
                1.0
            ]
        ]
    },
    "backcover5": {
        "name": "backcover5",
        "parent": "byod_board",
        "transform": [
            [
                -0.035975686281704,
                -0.38827911285230027,
                -0.9208399310618816,
                0.2116116988911041
            ],
            [
                -0.9992005380863489,
                0.03008089175939821,
                0.026352471208163253,
                0.2609487853084893
            ],
            [
                0.01746805093222875,
                0.9210513007283887,
                -0.3890512061372453,
                0.12040234236771556
            ],
            [
                0.0,
                0.0,
                0.0,
                1.0
            ]
        ]
    },
    "backcover6": {
        "name": "backcover6",
        "parent": "byod_board",
        "transform": [
            [
                -0.02266720761336871,
                -0.8250496239323635,
                -0.5646064359548999,
                0.13991288050873563
            ],
            [
                -0.9997353382303349,
                0.01640622590494445,
                0.016160400387807805,
                0.24988899433445522
            ],
            [
                -0.004069762414024458,
                0.5648230015644566,
                -0.8252032465843442,
                0.08545368927818622
            ],
            [
                0.0,
                0.0,
                0.0,
                1.0
            ]
        ]
    },
    "backcover7": {
        "name": "backcover7",
        "parent": "byod_board",
        "transform": [
            [
                0.003605549095459959,
                -0.9957347774080865,
                0.09219737872487635,
                0.11814162164418063
            ],
            [
                -0.9997466605876975,
                -0.0015397050576533289,
                0.022480062693792456,
                0.2497212404352125
            ],
            [
                -0.02224226219198866,
                -0.09225503582481528,
                -0.9954880713815408,
                0.04717287415082489
            ],
            [
                0.0,
                0.0,
                0.0,
                1.0
            ]
        ]
    },
    "backcover8": {
        "name": "backcover8",
        "parent": "byod_board",
        "transform": [
            [
                0.0020939726758338884,
                -0.9986565736508257,
                0.05178580680981406,
                0.10956034812412807
            ],
            [
                -0.9995783727994645,
                -0.0005906716813657287,
                0.0290488781217223,
                0.2508544816001694
            ],
            [
                -0.028979277329243748,
                -0.051824787433706276,
                -0.9982367498698743,
                0.01775528362373381
            ],
            [
                0.0,
                0.0,
                0.0,
                1.0
            ]
        ]
    },
    "backcover9": {
        "name": "backcover9",
        "parent": "byod_board",
        "transform": [
            [
                0.0020756848663484595,
                -0.9986027929667218,
                0.052813445838825634,
                0.09415927330880991
            ],
            [
                -0.9995897843243446,
                -0.0005634088286563532,
                0.028654061169443773,
                0.25059820445982317
            ],
            [
                -0.02858428338647523,
                -0.052851244319831014,
                -0.9981943200691581,
                0.014198844737663056
            ],
            [
                0.0,
                0.0,
                0.0,
                1.0
            ]
        ]
    },
    "backcover_app": {
        "name": "backcover_app",
        "parent": "byod_board",
        "transform": [
            [
                -0.09816371348610398,
                -0.72178508720884,
                -0.6851213663606387,
                0.19581219545144235
            ],
            [
                -0.9951428774266793,
                0.06603328826686672,
                0.07301510308057169,
                0.3577386007980032
            ],
            [
                -0.007460044764639906,
                0.6889606952895386,
                -0.7247615171762538,
                0.2517090048975105
            ],
            [
                0.0,
                0.0,
                0.0,
                1.0
            ]
        ]
    },
    "backcover_pressed": {
        "name": "backcover_pressed",
        "parent": "byod_board",
        "transform": [
            [
                -0.019829752194862937,
                -0.32844108035182124,
                -0.9443168750592268,
                0.17190798940150265
            ],
            [
                -0.9996771178223904,
                -0.008530290375696525,
                0.023958394434057062,
                0.3568321360160293
            ],
            [
                -0.0159236894786845,
                0.9444865278546157,
                -0.32816626450114184,
                0.10240003787645656
            ],
            [
                0.0,
                0.0,
                0.0,
                1.0
            ]
        ]
    },
    "backcover_pull": {
        "name": "backcover_pull",
        "parent": "byod_board",
        "transform": [
            [
                -0.009546083628700464,
                -0.698812653025124,
                -0.715241816058892,
                0.07683446082300133
            ],
            [
                -0.9985874224374847,
                -0.030734654687437857,
                0.04335517464519201,
                0.25047563022829017
            ],
            [
                -0.05227943397641899,
                0.7146449379872793,
                -0.6975323183150242,
                0.01892576601935987
            ],
            [
                0.0,
                0.0,
                0.0,
                1.0
            ]
        ]
    },
    "base_adj": {
        "name": "base_adj",
        "parent": "base",
        "transform": [
            [
                0.9999992848693793,
                0.000832301524370545,
                0.0008587985226669717,
                0.0
            ],
            [
                -0.0008322984756294549,
                0.9999996536319299,
                -3.907389747791301e-06,
                0.0
            ],
            [
                -0.0008588014773330282,
                3.192610252208697e-06,
                0.9999996312248469,
                0.0
            ],
            [
                0.0,
                0.0,
                0.0,
                1.0
            ]
        ]
    },
    "base_link_adj": {
        "name": "base_link_adj",
        "parent": "base_link",
        "transform": [
            [
                0.9999992848693793,
                0.000832301524370545,
                0.0008587985226669717,
                0.0
            ],
            [
                -0.0008322984756294549,
                0.9999996536319299,
                -3.907389747791301e-06,
                0.0
            ],
            [
                -0.0008588014773330282,
                3.192610252208697e-06,
                0.9999996312248469,
                0.0
            ],
            [
                0.0,
                0.0,
                0.0,
                1.0
            ]
        ]
    },
    "btn_M5": {
        "name": "btn_M5",
        "parent": "task_board",
        "transform": [
            [
                0.9882105636576254,
                -0.013796899852905515,
                0.15247795719357968,
                0.22574835005586397
            ],
            [
                -0.0397751955069605,
                -0.9848701048795969,
                0.16866775132441392,
                0.049509476454029006
            ],
            [
                0.14784388961962983,
                -0.17274409416503989,
                -0.9738078158616505,
                0.015487306033330983
            ],
            [
                0.0,
                0.0,
                0.0,
                1.0
            ]
        ]
    },
    "btn_M5_app": {
        "name": "btn_M5_app",
        "parent": "task_board",
        "transform": [
            [
                0.9882124655085289,
                -0.013711096985745545,
                0.1524733708980097,
                0.2257512062094041
            ],
            [
                -0.039701467740325076,
                -0.984858868444147,
                0.16875071172051156,
                0.049524363420238277
            ],
            [
                0.14785099415566497,
                -0.1728149735016117,
                -0.9737941612377947,
                0.056471555917152375
            ],
            [
                0.0,
                0.0,
                0.0,
                1.0
            ]
        ]
    },
    "btn_blue": {
        "name": "btn_blue",
        "parent": "task_board",
        "transform": [
            [
                0.9998156317077789,
                0.013136383070670922,
                -0.014004928867928347,
                0.22405896659714394
            ],
            [
                0.013195265677718324,
                -0.9999044493336788,
                0.004120335715277458,
                0.12375972102885752
            ],
            [
                -0.013949464379307587,
                -0.0043043748132281165,
                -0.9998934367226326,
                0.006850208187208995
            ],
            [
                0.0,
                0.0,
                0.0,
                1.0
            ]
        ]
    },
    "btn_blue_app": {
        "name": "btn_blue_app",
        "parent": "task_board",
        "transform": [
            [
                0.9999192952475817,
                0.012549990473352755,
                -0.001975026758890415,
                0.22358375342900133
            ],
            [
                0.012612989956236066,
                -0.9992718463620336,
                0.03600957584554921,
                0.12367199632988174
            ],
            [
                -0.0015216688021597318,
                -0.03603158069431909,
                -0.9993494932788656,
                0.03798010403614156
            ],
            [
                0.0,
                0.0,
                0.0,
                1.0
            ]
        ]
    },
    "btn_blue_app_short": {
        "name": "btn_blue_app_short",
        "parent": "btn_blue",
        "transform": [
            [
                1.0,
                0.0,
                0.0,
                0.0
            ],
            [
                0.0,
                1.0,
                0.0,
                0.0
            ],
            [
                0.0,
                0.0,
                1.0,
                -0.005
            ],
            [
                0.0,
                0.0,
                0.0,
                1.0
            ]
        ]
    },
    "btn_red": {
        "name": "btn_red",
        "parent": "task_board",
        "transform": [
            [
                -0.06590327851047384,
                -0.9968833332689583,
                0.043363322429695816,
                0.2184833314109986
            ],
            [
                -0.968565682097091,
                0.05346338688545127,
                -0.24294482033279302,
                0.10490275381801101
            ],
            [
                0.23986929221008552,
                -0.058011086124183556,
                -0.9690703981348954,
                0.007544299831796372
            ],
            [
                0.0,
                0.0,
                0.0,
                1.0
            ]
        ]
    },
    "btn_red_app": {
        "name": "btn_red_app",
        "parent": "task_board",
        "transform": [
            [
                -0.06600357784523547,
                -0.9968844568491673,
                0.04318457368282996,
                0.2184847781972443
            ],
            [
                -0.9685094174255879,
                0.05359212854126516,
                -0.24314068379513082,
                0.10489797789224314
            ],
            [
                0.24006881527923424,
                -0.05787282134954587,
                -0.9690292567716758,
                0.03573050055402814
            ],
            [
                0.0,
                0.0,
                0.0,
                1.0
            ]
        ]
    },
    "btn_red_helper": {
        "name": "btn_red_helper",
        "parent": "base",
        "transform": [
            [
                0.9422935246430273,
                0.039697010238347194,
                0.3324260230396487,
                -0.11409640954607239
            ],
            [
                -0.05631940244555399,
                -0.9599986927312301,
                0.27428203525295863,
                -0.5933637719573385
            ],
            [
                0.3300167243095358,
                -0.2771762207197184,
                -0.9023648399309105,
                0.18598632994610942
            ],
            [
                0.0,
                0.0,
                0.0,
                1.0
            ]
        ]
    },
    "btn_red_hook_2slider": {
        "name": "btn_red_hook_2slider",
        "parent": "task_board",
        "transform": [
            [
                -0.9995374127933379,
                -0.030412875248229734,
                0.00013208154709913765,
                0.22285553092170224
            ],
            [
                -0.030412939816391572,
                0.9995372853468664,
                -0.0005179702129888567,
                0.12220503696737137
            ],
            [
                -0.00011626746756195724,
                -0.0005217475947376782,
                -0.999999857130651,
                0.05726333101986458
            ],
            [
                0.0,
                0.0,
                0.0,
                1.0
            ]
        ]
    },
    "btn_red_hook_app": {
        "name": "btn_red_hook_app",
        "parent": "task_board",
        "transform": [
            [
                -0.9926737614679781,
                0.12033879613552147,
                0.010834086840572495,
                0.23096338585581455
            ],
            [
                0.11960202079853414,
                0.9913918626103085,
                -0.05326848384335874,
                0.14704170520974716
            ],
            [
                -0.017151090750231263,
                -0.05158244754484386,
                -0.9985214525443911,
                0.061210218664834976
            ],
            [
                0.0,
                0.0,
                0.0,
                1.0
            ]
        ]
    },
    "btn_red_hook_app2": {
        "name": "btn_red_hook_app2",
        "parent": "task_board",
        "transform": [
            [
                -0.9845397715915594,
                -0.030335088125700307,
                0.00016854367934330744,
                0.22284604538566255
            ],
            [
                -0.03033514704593243,
                0.9995362411206843,
                -0.00035604817857637973,
                0.12218333877403076
            ],
            [
                -0.00015758257361574507,
                -0.0003610332530484907,
                -0.9850034009179671,
                0.03733727348611665
            ],
            [
                0.0,
                0.0,
                0.0,
                1.0
            ]
        ]
    },
    "btn_red_no_hook": {
        "name": "btn_red_no_hook",
        "parent": "task_board",
        "transform": [
            [
                -0.9991465074049215,
                -0.04121764540117954,
                0.002713383151792618,
                0.04281989948720791
            ],
            [
                -0.03943722253687277,
                0.9323237336783627,
                -0.35946788604632596,
                0.1960884411667636
            ],
            [
                0.012286668349189825,
                -0.35926809116260217,
                -0.9331535117295846,
                0.018833258080019816
            ],
            [
                0.0,
                0.0,
                0.0,
                1.0
            ]
        ]
    },
    "btn_red_no_hook_app": {
        "name": "btn_red_no_hook_app",
        "parent": "task_board",
        "transform": [
            [
                -0.9991465074049215,
                -0.04121764540117954,
                0.002713383151792618,
                0.04281989948720791
            ],
            [
                -0.03943722253687277,
                0.9323237336783627,
                -0.35946788604632596,
                0.1960884411667636
            ],
            [
                0.012286668349189825,
                -0.35926809116260217,
                -0.9331535117295846,
                0.018833258080019816
            ],
            [
                0.0,
                0.0,
                0.0,
                1.0
            ]
        ]
    },
    "byod_board": {
        "name": "byod_board",
        "parent": "base",
        "transform": [
            [
                0.0003821781499657728,
                0.9999669999290907,
                -3.47992533742645e-05,
                -0.306817
            ],
            [
                -0.9999670000709072,
                0.0003821770898277954,
                -3.0464808893927082e-05,
                -0.361132
            ],
            [
                -3.0452653374264495e-05,
                3.480989110607292e-05,
                0.9999999989304185,
                0.00211608
            ],
            [
                0.0,
                0.0,
                0.0,
                1.0
            ]
        ]
    },
    "cable_1": {
        "name": "cable_1",
        "parent": "task_board",
        "transform": [
            [
                -0.35500054386939084,
                -0.9012957288159845,
                0.24827529693970635,
                0.16774118701138557
            ],
            [
                -0.926579109064607,
                0.37450127953673307,
                0.03464024062255189,
                0.11990038626626554
            ],
            [
                -0.12420051729954629,
                -0.21774939918037145,
                -0.9680699513253737,
                0.06747568196058189
            ],
            [
                0.0,
                0.0,
                0.0,
                1.0
            ]
        ]
    },
    "cable_10": {
        "name": "cable_10",
        "parent": "task_board",
        "transform": [
            [
                -0.9913400050053833,
                -0.1311427854074338,
                -0.006823804767537356,
                0.03419474957319815
            ],
            [
                -0.10961158458725027,
                0.8549603182464227,
                -0.5069794421357218,
                0.18058977925081432
            ],
            [
                0.07232077848169066,
                -0.5018410346509693,
                -0.8619311346855074,
                0.05105727221414336
            ],
            [
                0.0,
                0.0,
                0.0,
                1.0
            ]
        ]
    },
    "cable_11": {
        "name": "cable_11",
        "parent": "task_board",
        "transform": [
            [
                -0.994691177265506,
                0.09510043346087244,
                -0.03931118703010954,
                0.2349200854688463
            ],
            [
                0.10199262006528637,
                0.8603386945074345,
                -0.4994144933674448,
                0.17866610051489062
            ],
            [
                -0.013673599466863973,
                -0.5007726413141972,
                -0.8654708512646874,
                0.06429304104955236
            ],
            [
                0.0,
                0.0,
                0.0,
                1.0
            ]
        ]
    },
    "cable_12": {
        "name": "cable_12",
        "parent": "task_board",
        "transform": [
            [
                0.9973939820436822,
                -0.039258577218584376,
                -0.06053105564765331,
                0.034069981450411305
            ],
            [
                -0.05841047429859732,
                -0.9318644793446633,
                -0.3580737474709813,
                0.16803554012584276
            ],
            [
                -0.04234927479024591,
                0.36067624852556013,
                -0.9317291358942621,
                0.04740066159706957
            ],
            [
                0.0,
                0.0,
                0.0,
                1.0
            ]
        ]
    },
    "cable_13": {
        "name": "cable_13",
        "parent": "task_board",
        "transform": [
            [
                -0.8106975867498996,
                -0.37943997567044374,
                -0.44586402377978596,
                0.21999404741336748
            ],
            [
                -0.5845499363284471,
                0.48202673026534826,
                0.6526496788079387,
                0.0998396333510824
            ],
            [
                -0.0327230007226855,
                0.7897313063143122,
                -0.6125795205936879,
                0.033269442834561944
            ],
            [
                0.0,
                0.0,
                0.0,
                1.0
            ]
        ]
    },
    "cable_1_app": {
        "name": "cable_1_app",
        "parent": "task_board",
        "transform": [
            [
                -0.5295529563211139,
                -0.7197016435404581,
                0.4490024618381636,
                0.21654806332987994
            ],
            [
                -0.8148456760812653,
                0.5787141920661104,
                -0.03341269329064486,
                0.10472971103535811
            ],
            [
                -0.23579692666197705,
                -0.3835615050893826,
                -0.8929055835811159,
                0.07238531525021302
            ],
            [
                0.0,
                0.0,
                0.0,
                1.0
            ]
        ]
    },
    "cable_2": {
        "name": "cable_2",
        "parent": "task_board",
        "transform": [
            [
                -0.21736655555149387,
                -0.9751910323690873,
                -0.04188350354848727,
                0.20091090320741828
            ],
            [
                -0.9760893452255075,
                0.21711479010804013,
                0.010524072181812533,
                0.1251499894824449
            ],
            [
                -0.0011694527876353021,
                0.04316962294208322,
                -0.9990670703385176,
                0.042815135826036785
            ],
            [
                0.0,
                0.0,
                0.0,
                1.0
            ]
        ]
    },
    "cable_3": {
        "name": "cable_3",
        "parent": "task_board",
        "transform": [
            [
                -0.2154415690325695,
                -0.957880253632539,
                0.18986928924892524,
                0.20480968799671256
            ],
            [
                -0.9753761588573298,
                0.22047785320649205,
                0.005555450700144959,
                0.12563472074051174
            ],
            [
                -0.047183429631070695,
                -0.18399710323976184,
                -0.9817936570486936,
                0.043549040428097555
            ],
            [
                0.0,
                0.0,
                0.0,
                1.0
            ]
        ]
    },
    "cable_4": {
        "name": "cable_4",
        "parent": "task_board",
        "transform": [
            [
                -0.21928019447557467,
                -0.9318581921475995,
                0.289061417371251,
                0.2115629085944844
            ],
            [
                -0.9742017414425579,
                0.2253249293904006,
                -0.012634921576450575,
                0.12386804021560352
            ],
            [
                -0.0533587879880756,
                -0.2843747246158899,
                -0.9572271678590591,
                0.0453295983732996
            ],
            [
                0.0,
                0.0,
                0.0,
                1.0
            ]
        ]
    },
    "cable_5": {
        "name": "cable_5",
        "parent": "task_board",
        "transform": [
            [
                -0.4050751610562504,
                -0.8580921474037686,
                0.3155819710617841,
                0.20977148269254353
            ],
            [
                -0.9085148354391142,
                0.4164935030773488,
                -0.033674258438711246,
                0.1117162933736967
            ],
            [
                -0.10254222389967371,
                -0.300351508167259,
                -0.9483006189280698,
                0.04671674759204518
            ],
            [
                0.0,
                0.0,
                0.0,
                1.0
            ]
        ]
    },
    "cable_6": {
        "name": "cable_6",
        "parent": "task_board",
        "transform": [
            [
                -0.4050978713610043,
                -0.8580994828813181,
                0.3155328700747307,
                0.20758774609758895
            ],
            [
                -0.9085364579415375,
                0.4164237219601309,
                -0.03395273744362848,
                0.11190224241026558
            ],
            [
                -0.10226054571449898,
                -0.30042729780711624,
                -0.9483070280887336,
                0.053209632490247696
            ],
            [
                0.0,
                0.0,
                0.0,
                1.0
            ]
        ]
    },
    "cable_7": {
        "name": "cable_7",
        "parent": "task_board",
        "transform": [
            [
                -0.30348392968339466,
                -0.7831998216393325,
                0.5426744362949487,
                0.23359138667930482
            ],
            [
                -0.9474594397443441,
                0.30846691952634475,
                -0.08466858683868744,
                0.16163256186526603
            ],
            [
                -0.10108468955908387,
                -0.5398575728301349,
                -0.8356648171334586,
                0.05336902212790033
            ],
            [
                0.0,
                0.0,
                0.0,
                1.0
            ]
        ]
    },
    "cable_8": {
        "name": "cable_8",
        "parent": "task_board",
        "transform": [
            [
                0.8843819780989233,
                -0.2837490939108349,
                0.37061431234993597,
                0.21485446616431808
            ],
            [
                -0.27859256355492346,
                -0.9579539216733193,
                -0.06863284550858043,
                0.21395097890221393
            ],
            [
                0.37450594166946355,
                -0.04255273969427764,
                -0.9262475716560774,
                0.036109972125952974
            ],
            [
                0.0,
                0.0,
                0.0,
                1.0
            ]
        ]
    },
    "cable_9": {
        "name": "cable_9",
        "parent": "task_board",
        "transform": [
            [
                0.4496674927932164,
                0.8709554541951492,
                0.19808014219700126,
                0.1721793969215477
            ],
            [
                0.8920319326208535,
                -0.42658082540683173,
                -0.1493580616502893,
                0.20257807089403082
            ],
            [
                -0.04558702786723541,
                0.24385527716854472,
                -0.9687396072667229,
                0.005052760030568981
            ],
            [
                0.0,
                0.0,
                0.0,
                1.0
            ]
        ]
    },
    "cable_app": {
        "name": "cable_app",
        "parent": "task_board",
        "transform": [
            [
                -0.3627224559680955,
                -0.9116040106920649,
                0.19341805656168234,
                0.14462259957107015
            ],
            [
                -0.9260783519274427,
                0.3757661211871114,
                0.034332300750094844,
                0.11995545999543952
            ],
            [
                -0.10397741584261574,
                -0.16666717875330128,
                -0.9805155501716054,
                0.08947230643338046
            ],
            [
                0.0,
                0.0,
                0.0,
                1.0
            ]
        ]
    },
    "cableholder_app": {
        "name": "cableholder_app",
        "parent": "byod_board",
        "transform": [
            [
                0.025164390908290035,
                -0.9800947379988189,
                0.19693186915010563,
                0.002665190671960027
            ],
            [
                -0.9985611294645159,
                -0.03397845593724935,
                -0.041500666133977196,
                0.15795944018165387
            ],
            [
                0.047365887118030456,
                -0.19560403654843156,
                -0.9795395722692883,
                0.18621101169335227
            ],
            [
                0.0,
                0.0,
                0.0,
                1.0
            ]
        ]
    },
    "door_1": {
        "name": "door_1",
        "parent": "task_board",
        "transform": [
            [
                -0.1706121543543213,
                0.9852836547667863,
                -0.010373641404154171,
                -0.03606408932206356
            ],
            [
                0.8930428420925576,
                0.1501737585071825,
                -0.424172517312324,
                0.11483854015341355
            ],
            [
                -0.4163723993900469,
                -0.081633093198966,
                -0.9055219837866693,
                0.05489065735407998
            ],
            [
                0.0,
                0.0,
                0.0,
                1.0
            ]
        ]
    },
    "door_2": {
        "name": "door_2",
        "parent": "task_board",
        "transform": [
            [
                -0.14703298936106934,
                0.9885514863563902,
                -0.03387120992995213,
                -0.025330632298749683
            ],
            [
                0.8965569601233307,
                0.11872923922518575,
                -0.4267188594466156,
                0.11879107343142709
            ],
            [
                -0.41781205977563574,
                -0.09310921853167906,
                -0.9037498305009299,
                0.02605574782685835
            ],
            [
                0.0,
                0.0,
                0.0,
                1.0
            ]
        ]
    },
    "door_3": {
        "name": "door_3",
        "parent": "task_board",
        "transform": [
            [
                -0.1305219914851019,
                0.9907432574635946,
                -0.03730693674354563,
                -0.015237714360441905
            ],
            [
                0.8988636901100517,
                0.10237250979718826,
                -0.4261031985793631,
                0.12013846524476468
            ],
            [
                -0.4183396662288937,
                -0.08914968888475641,
                -0.9039050042074366,
                0.02600117647184
            ],
            [
                0.0,
                0.0,
                0.0,
                1.0
            ]
        ]
    },
    "door_4": {
        "name": "door_4",
        "parent": "task_board",
        "transform": [
            [
                -0.11010667630745252,
                0.9926109913325578,
                -0.050989604022012,
                -0.004490490721699641
            ],
            [
                0.9024319683764614,
                0.07834090517713854,
                -0.4236499085662726,
                0.12026336012923833
            ],
            [
                -0.4165249839862073,
                -0.09266133207450925,
                -0.9043897474283227,
                0.026150502094156466
            ],
            [
                0.0,
                0.0,
                0.0,
                1.0
            ]
        ]
    },
    "door_5": {
        "name": "door_5",
        "parent": "task_board",
        "transform": [
            [
                -0.04921171403124447,
                0.9966899909070209,
                -0.0647091124021077,
                0.0054357024090403785
            ],
            [
                0.9100224250458367,
                0.01804316003225459,
                -0.41416618680155914,
                0.013591589695756523
            ],
            [
                -0.4116277360866254,
                -0.07926857133701923,
                -0.9078981773758474,
                0.085546387213209
            ],
            [
                0.0,
                0.0,
                0.0,
                1.0
            ]
        ]
    },
    "door_6": {
        "name": "door_6",
        "parent": "task_board",
        "transform": [
            [
                -0.9005729568090048,
                0.43433413614832356,
                0.01795014319089372,
                0.05023075993796153
            ],
            [
                0.344616334332464,
                0.7384979744570747,
                -0.5795345751843051,
                0.06848097306961276
            ],
            [
                -0.26496779346845045,
