{
    "": {
        "name": "",
        "parent": "base",
        "transform": [
            [
                -0.9997572813123172,
                -0.021793723335344364,
                0.0032267764388572784,
                -0.10766519576540305
            ],
            [
                -0.021897247181744746,
                0.9990909673591267,
                -0.036575258129860705,
                -0.6125427327833328
            ],
            [
                -0.002426732137148567,
                -0.03663703815248766,
                -0.9993256918575382,
                0.13101269206192834
            ],
            [
                0.0,
                0.0,
                0.0,
                1.0
            ]
        ]
    },
    "btn_blue": {
        "name": "btn_blue",
        "parent": "task_board",
        "transform": [
            [
                0.9997855461150098,
                0.013959037923706553,
                -0.015297288640677855,
                0.22757060174982752
            ],
            [
                0.014016046880492364,
                -0.9998951962230154,
                0.0036258792182907547,
                0.12376130731746282
            ],
            [
                -0.01524507164153484,
                -0.0038395091491380444,
                -0.9998764153435475,
                0.00826464171188726
            ],
            [
                0.0,
                0.0,
                0.0,
                1.0
            ]
        ]
    },
    "btn_blue_app": {
        "name": "btn_blue_app",
        "parent": "task_board",
        "transform": [
            [
                0.9998962067584053,
                0.0140767627889902,
                -0.0030692767120088942,
                0.22789187500948924
            ],
            [
                0.014179531385082326,
                -0.999232130123773,
                0.03652521072104371,
                0.12509807423620128
            ],
            [
                -0.002552763179741628,
                -0.03656494055649048,
                -0.9993280184816486,
                0.036927514431223524
            ],
            [
                0.0,
                0.0,
                0.0,
                1.0
            ]
        ]
    },
    "btn_blue_app_short": {
        "name": "btn_blue_app_short",
        "parent": "btn_blue",
        "transform": [
            [
                1.0,
                0.0,
                0.0,
                0.0
            ],
            [
                0.0,
                1.0,
                0.0,
                0.0
            ],
            [
                0.0,
                0.0,
                1.0,
                -0.005
            ],
            [
                0.0,
                0.0,
                0.0,
                1.0
            ]
        ]
    },
    "btn_red": {
        "name": "btn_red",
        "parent": "task_board",
        "transform": [
            [
                -0.04770735040380614,
                -0.9563744295465717,
                0.2882220658223761,
                0.2290127215578751
            ],
            [
                -0.9404627827570731,
                -0.05420967911664243,
                -0.33554592076032347,
                0.10243355559747414
            ],
            [
                0.3365319642564003,
                -0.2870701328935846,
                -0.8968483572121815,
                0.006464371959119225
            ],
            [
                0.0,
                0.0,
                0.0,
                1.0
            ]
        ]
    },
    "btn_red_app": {
        "name": "btn_red_app",
        "parent": "task_board",
        "transform": [
            [
                -0.047670926687491066,
                -0.9563907473676512,
                0.28817394243460187,
                0.2290055892570676
            ],
            [
                -0.9404655248150684,
                -0.05422451276981444,
                -0.3355358383976204,
                0.10245130178394884
            ],
            [
                0.3365294628752045,
                -0.287012962363064,
                -0.8968675933784787,
                0.03565423362413732
            ],
            [
                0.0,
                0.0,
                0.0,
                1.0
            ]
        ]
    },
    "btn_red_helper": {
        "name": "btn_red_helper",
        "parent": "base",
        "transform": [
            [
                0.9422935246430273,
                0.039697010238347194,
                0.3324260230396487,
                -0.11409640954607239
            ],
            [
                -0.05631940244555399,
                -0.9599986927312301,
                0.27428203525295863,
                -0.5933637719573385
            ],
            [
                0.3300167243095358,
                -0.2771762207197184,
                -0.9023648399309105,
                0.18598632994610942
            ],
            [
                0.0,
                0.0,
                0.0,
                1.0
            ]
        ]
    },
    "btn_red_hook_2slider": {
        "name": "btn_red_hook_2slider",
        "parent": "task_board",
        "transform": [
            [
                -0.9995374127933379,
                -0.030412875248232062,
                0.00013208154709915646,
                0.22285553092170224
            ],
            [
                -0.0304129398163939,
                0.9995372853468664,
                -0.0005179702129888562,
                0.12220503696737137
            ],
            [
                -0.00011626746756197483,
                -0.0005217475947376786,
                -0.999999857130651,
                0.05726333101986458
            ],
            [
                0.0,
                0.0,
                0.0,
                1.0
            ]
        ]
    },
    "btn_red_hook_app": {
        "name": "btn_red_hook_app",
        "parent": "task_board",
        "transform": [
            [
                -0.9926737614679781,
                0.12033879613552147,
                0.010834086840572495,
                0.23096338585581455
            ],
            [
                0.11960202079853414,
                0.9913918626103085,
                -0.05326848384335874,
                0.14704170520974716
            ],
            [
                -0.017151090750231263,
                -0.05158244754484386,
                -0.9985214525443911,
                0.061210218664834976
            ],
            [
                0.0,
                0.0,
                0.0,
                1.0
            ]
        ]
    },
    "btn_red_hook_app2": {
        "name": "btn_red_hook_app2",
        "parent": "task_board",
        "transform": [
            [
                -0.9845397715915594,
                -0.030335088125700307,
                0.00016854367934330744,
                0.22284604538566255
            ],
            [
                -0.03033514704593243,
                0.9995362411206843,
                -0.00035604817857637973,
                0.12218333877403076
            ],
            [
                -0.00015758257361574507,
                -0.0003610332530484907,
                -0.9850034009179671,
                0.03733727348611665
            ],
            [
                0.0,
                0.0,
                0.0,
                1.0
            ]
        ]
    },
    "btn_red_no_hook": {
        "name": "btn_red_no_hook",
        "parent": "task_board",
        "transform": [
            [
                -0.9991465074049215,
                -0.04121764540117954,
                0.002713383151792618,
                0.04281989948720791
            ],
            [
                -0.03943722253687277,
                0.9323237336783627,
                -0.35946788604632596,
                0.1960884411667636
            ],
            [
                0.012286668349189825,
                -0.35926809116260217,
                -0.9331535117295846,
                0.018833258080019816
            ],
            [
                0.0,
                0.0,
                0.0,
                1.0
            ]
        ]
    },
    "btn_red_no_hook_app": {
        "name": "btn_red_no_hook_app",
        "parent": "task_board",
        "transform": [
            [
                -0.9991465074049215,
                -0.04121764540117954,
                0.002713383151792618,
                0.04281989948720791
            ],
            [
                -0.03943722253687277,
                0.9323237336783627,
                -0.35946788604632596,
                0.1960884411667636
            ],
            [
                0.012286668349189825,
                -0.35926809116260217,
                -0.9331535117295846,
                0.018833258080019816
            ],
            [
                0.0,
                0.0,
                0.0,
                1.0
            ]
        ]
    },
    "cable_1": {
        "name": "cable_1",
        "parent": "task_board",
        "transform": [
            [
                -0.5057581365106014,
                -0.7130555127693818,
                0.4855517923584649,
                0.19662684552819376
            ],
            [
                -0.8332129181040384,
                0.549602823313365,
                -0.06076980920268865,
                0.11873774226584366
            ],
            [
                -0.22352838848315645,
                -0.4353028512600993,
                -0.872093164304681,
                0.035804397686032635
            ],
            [
                0.0,
                0.0,
                0.0,
                1.0
            ]
        ]
    },
    "cable_10": {
        "name": "cable_10",
        "parent": "task_board",
        "transform": [
            [
                -0.9913400050053833,
                -0.1311427854074338,
                -0.006823804767537356,
                0.03419474957319815
            ],
            [
                -0.10961158458725027,
                0.8549603182464227,
                -0.5069794421357218,
                0.18058977925081432
            ],
            [
                0.07232077848169066,
                -0.5018410346509693,
                -0.8619311346855074,
                0.05105727221414336
            ],
            [
                0.0,
                0.0,
                0.0,
                1.0
            ]
        ]
    },
    "cable_11": {
        "name": "cable_11",
        "parent": "task_board",
        "transform": [
            [
                -0.994691177265506,
                0.09510043346087244,
                -0.03931118703010954,
                0.2349200854688463
            ],
            [
                0.10199262006528637,
                0.8603386945074345,
                -0.4994144933674448,
                0.17866610051489062
            ],
            [
                -0.013673599466863973,
                -0.5007726413141972,
                -0.8654708512646874,
                0.06429304104955236
            ],
            [
                0.0,
                0.0,
                0.0,
                1.0
            ]
        ]
    },
    "cable_12": {
        "name": "cable_12",
        "parent": "task_board",
        "transform": [
            [
                0.9973939820436822,
                -0.039258577218584376,
                -0.06053105564765331,
                0.034069981450411305
            ],
            [
                -0.05841047429859732,
                -0.9318644793446633,
                -0.3580737474709813,
                0.16803554012584276
            ],
            [
                -0.04234927479024591,
                0.36067624852556013,
                -0.9317291358942621,
                0.04740066159706957
            ],
            [
                0.0,
                0.0,
                0.0,
                1.0
            ]
        ]
    },
    "cable_13": {
        "name": "cable_13",
        "parent": "task_board",
        "transform": [
            [
                -0.8106975867498996,
                -0.37943997567044374,
                -0.44586402377978596,
                0.21999404741336748
            ],
            [
                -0.5845499363284471,
                0.48202673026534826,
                0.6526496788079387,
                0.0998396333510824
            ],
            [
                -0.0327230007226855,
                0.7897313063143122,
                -0.6125795205936879,
                0.033269442834561944
            ],
            [
                0.0,
                0.0,
                0.0,
                1.0
            ]
        ]
    },
    "cable_1_app": {
        "name": "cable_1_app",
        "parent": "task_board",
        "transform": [
            [
                -0.5295529563211139,
                -0.7197016435404581,
                0.4490024618381636,
                0.21654806332987994
            ],
            [
                -0.8148456760812653,
                0.5787141920661104,
                -0.03341269329064486,
                0.10472971103535811
            ],
            [
                -0.23579692666197705,
                -0.3835615050893826,
                -0.8929055835811159,
                0.07238531525021302
            ],
            [
                0.0,
                0.0,
                0.0,
                1.0
            ]
        ]
    },
    "cable_2": {
        "name": "cable_2",
        "parent": "task_board",
        "transform": [
            [
                -0.5264565534988255,
                -0.8147828058160734,
                0.24284249344919784,
                0.1964558055504409
            ],
            [
                -0.8400865556493234,
                0.542451067005639,
                -0.0011911849979659994,
                0.1259347834152572
            ],
            [
                -0.1307596126309385,
                -0.20463582103563877,
                -0.9700650001178659,
                0.038408545150919154
            ],
            [
                0.0,
                0.0,
                0.0,
                1.0
            ]
        ]
    },
    "cable_3": {
        "name": "cable_3",
        "parent": "task_board",
        "transform": [
            [
                -0.46040116739005965,
                -0.8177631581907638,
                -0.34538989876910997,
                0.2170733557624639
            ],
            [
                -0.8877028942724099,
                0.4224601300630143,
                0.1830601267549192,
                0.12496564415269873
            ],
            [
                -0.0037863658374549802,
                0.390884708850331,
                -0.9204318594120557,
                0.044764747207679284
            ],
            [
                0.0,
                0.0,
                0.0,
                1.0
            ]
        ]
    },
    "cable_4": {
        "name": "cable_4",
        "parent": "task_board",
        "transform": [
            [
                -0.27867275538051084,
                -0.6014598390134793,
                -0.748723952777332,
                0.22501309415633725
            ],
            [
                -0.9204388650059905,
                -0.05524430596774499,
                0.38696299880560336,
                0.10853787002061843
            ],
            [
                -0.27410543809840227,
                0.7969906704046295,
                -0.5382119286051368,
                0.045254659462441255
            ],
            [
                0.0,
                0.0,
                0.0,
                1.0
            ]
        ]
    },
    "cable_5": {
        "name": "cable_5",
        "parent": "task_board",
        "transform": [
            [
                0.36280433799374123,
                -0.5585467978825425,
                -0.7459212337157862,
                0.21938627623534057
            ],
            [
                -0.5096197765892976,
                -0.7890781668612641,
                0.34299173443676345,
                0.09780099368933348
            ],
            [
                -0.7801670946931797,
                0.25569732332979755,
                -0.5709274763049841,
                0.04519563927380607
            ],
            [
                0.0,
                0.0,
                0.0,
                1.0
            ]
        ]
    },
    "cable_6": {
        "name": "cable_6",
        "parent": "task_board",
        "transform": [
            [
                -0.9506935501245664,
                0.3041694585039915,
                -0.06052036239925439,
                0.24766752620644397
            ],
            [
                0.31003330285401604,
                0.9272003020494353,
                -0.21018789451551656,
                0.19820951140532983
            ],
            [
                -0.007818239762148807,
                -0.21858760347472717,
                -0.9757860086792578,
                0.027671721238667513
            ],
            [
                0.0,
                0.0,
                0.0,
                1.0
            ]
        ]
    },
    "cable_7": {
        "name": "cable_7",
        "parent": "task_board",
        "transform": [
            [
                -0.9983867687275705,
                0.012609651636564245,
                -0.05536114806726243,
                0.21630779474892678
            ],
            [
                0.024893065258463715,
                0.973534451265614,
                -0.2271805614505734,
                0.2059222280163503
            ],
            [
                0.05103131716660593,
                -0.22819217533597505,
                -0.9722778079251202,
                0.009042082924022962
            ],
            [
                0.0,
                0.0,
                0.0,
                1.0
            ]
        ]
    },
    "cable_8": {
        "name": "cable_8",
        "parent": "task_board",
        "transform": [
            [
                -0.9895575576306881,
                -0.13844026417729846,
                0.04012646745611961,
                0.04494085361014652
            ],
            [
                -0.1430290650340245,
                0.9086545269886281,
                -0.3922876968993103,
                0.2266150200810072
            ],
            [
                0.01784731608617956,
                -0.3939305063556162,
                -0.9189669360052772,
                -0.03173881243851236
            ],
            [
                0.0,
                0.0,
                0.0,
                1.0
            ]
        ]
    },
    "cable_9": {
        "name": "cable_9",
        "parent": "task_board",
        "transform": [
            [
                -0.9974777390164837,
                0.07039065074548143,
                -0.009127784736295122,
                0.03578997849851828
            ],
            [
                0.06643971205869678,
                0.8806667950531697,
                -0.4690541128189112,
                0.2027977946134103
            ],
            [
                -0.024978487306519352,
                -0.46847748332060324,
                -0.8831222581236828,
                0.009371041789842313
            ],
            [
                0.0,
                0.0,
                0.0,
                1.0
            ]
        ]
    },
    "door_1": {
        "name": "door_1",
        "parent": "task_board",
        "transform": [
            [
                -0.1530420337205085,
                0.98802126558434,
                -0.019801885460929758,
                -0.025955821655989544
            ],
            [
                0.8965317852755078,
                0.13038565497771515,
                -0.4233560427899209,
                0.11528815418509086
            ],
            [
                -0.415702891384459,
                -0.08254428950054504,
                -0.905746954930265,
                0.05514495753213239
            ],
            [
                0.0,
                0.0,
                0.0,
                1.0
            ]
        ]
    },
    "door_2": {
        "name": "door_2",
        "parent": "task_board",
        "transform": [
            [
                -0.14877400400760377,
                0.9883166981869801,
                -0.033111928610840474,
                -0.02585144706370461
            ],
            [
                0.9009500624445602,
                0.12166776702976556,
                -0.41651643358591794,
                0.12066524238196974
            ],
            [
                -0.4076214919661214,
                -0.09179901170914115,
                -0.9085249918062437,
                0.044354300675611164
            ],
            [
                0.0,
                0.0,
                0.0,
                1.0
            ]
        ]
    },
    "door_3": {
        "name": "door_3",
        "parent": "task_board",
        "transform": [
            [
                -0.13233839734537067,
                0.9907377721042632,
                -0.03041735547246127,
                -0.012143748496398002
            ],
            [
                0.9030643280441273,
                0.10786340962609953,
                -0.41574066950208255,
                0.12340069520169383
            ],
            [
                -0.40860906500255967,
                -0.08248728259381496,
                -0.9089744111953975,
                0.044310440467031614
            ],
            [
                0.0,
                0.0,
                0.0,
                1.0
            ]
        ]
    },
    "door_4": {
        "name": "door_4",
        "parent": "task_board",
        "transform": [
            [
                -0.13226383300839606,
                0.9907847038843766,
                -0.029188165866887883,
                -0.012071140066503686
            ],
            [
                0.9121113947803093,
                0.11012860540237346,
                -0.3948727564469916,
                0.11899652664700755
            ],
            [
                -0.3880194350671671,
                -0.07885024299819651,
                -0.9182720496613614,
                0.07009078939956145
            ],
            [
                0.0,
                0.0,
                0.0,
                1.0
            ]
        ]
    },
    "door_5": {
        "name": "door_5",
        "parent": "task_board",
        "transform": [
            [
                -0.13375555775865622,
                0.9905834408635334,
                -0.029221523841700847,
                -0.012864241736290458
            ],
            [
                0.8048638333405951,
                0.091380526502428,
                -0.5863819652380349,
                0.03323517296516598
            ],
            [
                -0.5781899865519562,
                -0.10195119451531592,
                -0.8095074387477519,
                0.1074898649134359
            ],
            [
                0.0,
                0.0,
                0.0,
                1.0
            ]
        ]
    },
    "door_6": {
        "name": "door_6",
        "parent": "task_board",
        "transform": [
            [
                -0.9005729568090048,
                0.43433413614832356,
                0.01795014319089372,
                0.05023075993796153
            ],
            [
                0.344616334332464,
                0.7384979744570747,
                -0.5795345751843051,
                0.06848097306961276
            ],
            [
                -0.26496779346845045,
                -0.5157272533995922,
                -0.8147499423291611,
                0.09060997308353463
            ],
            [
                0.0,
                0.0,
                0.0,
                1.0
            ]
        ]
    },
    "home": {
        "name": "home",
        "parent": "base",
        "transform": [
            [
                -0.999930586503428,
                -0.01177295719112006,
                -0.0004686724727436392,
                0.10811398626415218
            ],
            [
                -0.01177286432477853,
                0.9999306773467246,
                -0.00020041584487352638,
                -0.3191808903666305
            ],
            [
                0.00047099947028642964,
                -0.00019488431587459592,
                -0.999999870089793,
                0.20159370228803905
            ],
            [
                0.0,
                0.0,
                0.0,
                1.0
            ]
        ]
    },
    "hook_grab_1": {
        "name": "hook_grab_1",
        "parent": "base",
        "transform": [
            [
                0.9998999213838665,
                0.01347556586843311,
                0.004307707170081568,
                -0.31689955927126917
            ],
            [
                0.013461417576188602,
                -0.9999039563664871,
                0.0032967073703875764,
                -0.6020009044526912
            ],
            [
                0.00435171843955145,
                -0.0032383895954637408,
                -0.9999852875814981,
                0.042727906992269554
            ],
            [
                0.0,
                0.0,
                0.0,
                1.0
            ]
        ]
    },
    "hook_grab_app": {
        "name": "hook_grab_app",
        "parent": "task_board",
        "transform": [
            [
                -0.9983681262590214,
                0.05007890349873157,
                -0.027444268881026367,
                0.441411542432343
            ],
            [
                0.04999247476652551,
                0.9987422630380778,
                0.003826811766655361,
                0.11718356462986645
            ],
            [
                0.027601393746831914,
                0.0024485599735012383,
                -0.999616010084516,
                0.1014026947966338
            ],
            [
                0.0,
                0.0,
                0.0,
                1.0
            ]
        ]
    },
    "hover": {
        "name": "hover",
        "parent": "base",
        "transform": [
            [
                -0.9706283986910691,
                0.24003041921691265,
                0.016306731890959318,
                0.00320423138231056
            ],
            [
                0.23994559800033172,
                0.970761084438736,
                -0.007001923992189276,
                -0.5628513093591795
            ],
            [
                -0.017510615485289538,
                -0.0028835377372879436,
                -0.9998425193776486,
                0.21306350058819287
            ],
            [
                0.0,
                0.0,
                0.0,
                1.0
            ]
        ]
    },
    "ids_cam": {
        "name": "ids_cam",
        "parent": "base",
        "transform": [
            [
                -0.9998908471346346,
                -0.014671839281743274,
                0.0017409619392214858,
                -0.023059364772572255
            ],
            [
                -0.014664481280972266,
                0.9998837900269696,
                0.004166464936006162,
                -0.5821632499532363
            ],
            [
                -0.001801889325995583,
                0.004140479850651353,
                -0.9999898047587603,
                0.9290170269527765
            ],
            [
                0.0,
                0.0,
                0.0,
                1.0
            ]
        ]
    },
    "jack_black": {
        "name": "jack_black",
        "parent": "task_board",
        "transform": [
            [
                0.9979909250593639,
                -0.06313590356344678,
                -0.005288778723132121,
                0.1700140275988427
            ],
            [
                -0.06326225827501578,
                -0.9975842373499768,
                -0.028698015067404086,
                0.12144508232861861
            ],
            [
                -0.0034641271772705776,
                0.028974938690028363,
                -0.9995741356952008,
                0.008513679783861472
            ],
            [
                0.0,
                0.0,
                0.0,
                1.0
            ]
        ]
    },
    "jack_black_app": {
        "name": "jack_black_app",
        "parent": "jack_black",
        "transform": [
            [
                1.0,
                0.0,
                0.0,
                0.0
            ],
            [
                0.0,
                1.0,
                0.0,
                0.0
            ],
            [
                0.0,
                0.0,
                1.0,
                -0.023
            ],
            [
                0.0,
                0.0,
                0.0,
                1.0
            ]
        ]
    },
    "jack_red": {
        "name": "jack_red",
        "parent": "task_board",
        "transform": [
            [
                0.3899963108019715,
                -0.9207997324345951,
                -0.005543492511847086,
                0.17035261945725572
            ],
            [
                -0.9199878995746273,
                -0.38938301982730894,
                -0.04475632364737469,
                0.0969195762291375
            ],
            [
                0.0390530689846057,
                0.022554747139817026,
                -0.9989825529929637,
                0.008030687321779806
            ],
            [
                0.0,
                0.0,
                0.0,
                1.0
            ]
        ]
    },
    "jack_red_app": {
        "name": "jack_red_app",
        "parent": "task_board",
        "transform": [
            [
                0.39016396775089424,
                -0.9207453707629286,
                -0.00020121509849127528,
                0.1692005198224329
            ],
            [
                -0.9205573143373517,
                -0.39007984373678517,
                -0.02029646595559369,
                0.09576448856858122
            ],
            [
                0.01860938711728332,
                0.00810417971922663,
                -0.9997939852700637,
                0.029860751412937203
            ],
            [
                0.0,
                0.0,
                0.0,
                1.0
            ]
        ]
    },
    "long_edge_calib": {
        "name": "long_edge_calib",
        "parent": "task_board",
        "transform": [
            [
                0.6645177445791126,
                -0.7472722069228287,
                0.0006449032287433473,
                -0.11997667397315101
            ],
            [
                -0.7472722046787622,
                -0.6645179954428047,
                -0.00029299696132549437,
                -0.004443191582547967
            ],
            [
                0.0006474982867305062,
                -0.00028721657763894207,
                -0.999999749126272,
                0.10764158838009663
            ],
            [
                0.0,
                0.0,
                0.0,
                1.0
            ]
        ]
    },
    "meas": {
        "name": "meas",
        "parent": "task_board",
        "transform": [
            [
                -0.9786918041187478,
                -0.13753171069128606,
                0.15247091888329825,
                0.0766837595311981
            ],
            [
                -0.20533244366703923,
                0.6520069895697016,
                -0.7298804512589557,
                0.06426432724123254
            ],
            [
                0.0009696022437466201,
                -0.7456352419961004,
                -0.6663536191579547,
                0.04877405030987916
            ],
            [
                0.0,
                0.0,
                0.0,
                1.0
            ]
        ]
    },
    "meas_app": {
        "name": "meas_app",
        "parent": "task_board",
        "transform": [
            [
                -0.9786770454679059,
                -0.13754355469846044,
                0.15255494497105426,
                0.07665535219650252
            ],
            [
                -0.20540298509905644,
                0.6519939222894198,
                -0.7298722758195811,
                0.06303704453086223
            ],
            [
                0.0009243303557561061,
                -0.7456444835567212,
                -0.6663433422454399,
                0.07373212125596376
            ],
            [
                0.0,
                0.0,
                0.0,
                1.0
            ]
        ]
    },
    "probe_pull": {
        "name": "probe_pull",
        "parent": "task_board",
        "transform": [
            [
                0.999920924986528,
                -0.004780085402750073,
                -0.011631618873948394,
                0.029266455562298385
            ],
            [
                -0.011147388928797151,
                -0.7650277019799185,
                -0.6439008859470485,
                0.1045952177665549
            ],
            [
                -0.005820609431709667,
                0.643979631655277,
                -0.7650204928751754,
                0.01187701510599995
            ],
            [
                0.0,
                0.0,
                0.0,
                1.0
            ]
        ]
    },
    "probe_pull_app": {
        "name": "probe_pull_app",
        "parent": "task_board",
        "transform": [
            [
                0.9999897013810032,
                0.0009594545522848177,
                0.004435828997389734,
                0.02885001728538142
            ],
            [
                0.00345060906675744,
                -0.7956100647246385,
                -0.6057992391922636,
                0.10652150785467285
            ],
            [
                0.0029479533579069763,
                0.6058083066084677,
                -0.7956051817422891,
                0.04012183612151529
            ],
            [
                0.0,
                0.0,
                0.0,
                1.0
            ]
        ]
    },
    "probe_pulled": {
        "name": "probe_pulled",
        "parent": "task_board",
        "transform": [
            [
                0.9996499458799447,
                -0.01097612502820194,
                -0.024073021862428483,
                0.03031173954508476
            ],
            [
                -0.023076759404268333,
                -0.8067515383062587,
                -0.5904400211841002,
                0.13194235961353185
            ],
            [
                -0.012940203925023507,
                0.5907888625556922,
                -0.8067224250028806,
                0.01538314507733854
            ],
            [
                0.0,
                0.0,
                0.0,
                1.0
            ]
        ]
    },
    "probe_push": {
        "name": "probe_push",
        "parent": "task_board",
        "transform": [
            [
                0.9985629024471934,
                -0.051128091337478546,
                0.01606387663123378,
                0.030574730940627945
            ],
            [
                -0.032587535579899754,
                -0.8172338056969461,
                -0.5753841841334479,
                0.1317622462612842
            ],
            [
                0.04254623815410494,
                0.5740338187792347,
                -0.8177254994903005,
                0.017515141901596865
            ],
            [
                0.0,
                0.0,
                0.0,
                1.0
            ]
        ]
    },
    "probe_push_app": {
        "name": "probe_push_app",
        "parent": "task_board",
        "transform": [
            [
                0.008653359370551006,
                0.9996086469397532,
                0.026602111474097467,
                -0.012868227005095878
            ],
            [
                0.7585317320882814,
                0.01077289554316918,
                -0.6515470482910409,
                0.1043121078503575
            ],
            [
                -0.6515786451279355,
                0.02581661644933697,
                -0.7581416566370378,
                0.05807590681336586
            ],
            [
                0.0,
                0.0,
                0.0,
                1.0
            ]
        ]
    },
    "probe_pushed": {
        "name": "probe_pushed",
        "parent": "task_board",
        "transform": [
            [
                0.9985610867600088,
                -0.051173930955281346,
                0.016030745436639737,
                0.029894220148206335
            ],
            [
                -0.03264325018218904,
                -0.8172202787690728,
                -0.575400238256937,
                0.10254523881477418
            ],
            [
                0.04254614231881973,
                0.5740489916019198,
                -0.8177148531209419,
                0.016200945082198784
            ],
            [
                0.0,
                0.0,
                0.0,
                1.0
            ]
        ]
    },
    "slider": {
        "name": "slider",
        "parent": "task_board",
        "transform": [
            [
                -0.01139820331252972,
                -0.999934784070371,
                -0.0007131391067283442,
                0.18984502335848613
            ],
            [
                -0.9999350283590127,
                0.011398301221082319,
                -0.00013337890697855386,
                0.04227218409711292
            ],
            [
                0.00014149878290016526,
                0.0007115724930109835,
                -0.9999997368213049,
                0.0038268801060982738
            ],
            [
                0.0,
                0.0,
                0.0,
                1.0
            ]
        ]
    },
    "slider_app": {
        "name": "slider_app",
        "parent": "slider",
        "transform": [
            [
                1.0,
                0.0,
                0.0,
                0.0
            ],
            [
                0.0,
                1.0,
                0.0,
                0.0
            ],
            [
                0.0,
                0.0,
                1.0,
                -0.03
            ],
            [
                0.0,
                0.0,
                0.0,
                1.0
            ]
        ]
    },
    "slider_hook": {
        "name": "slider_hook",
        "parent": "task_board",
        "transform": [
            [
                -0.011584190625034907,
                -0.9999327252162896,
                -0.000592932616198056,
                0.18990634223777964
            ],
            [
                -0.9999328675221345,
                0.01158434167096023,
                -0.00025194644671839997,
                0.04231000887458769
            ],
            [
                0.00025879823108958505,
                0.0005899742154962372,
                -0.9999997924769288,
                0.061607481481031845
            ],
            [
                0.0,
                0.0,
                0.0,
                1.0
            ]
        ]
    },
    "speed_test1": {
        "name": "speed_test1",
        "parent": "base",
